-5.000000000000000000e+01
-4.989999999999999858e+01
-4.979999999999999716e+01
-4.969999999999999574e+01
-4.959999999999999432e+01
-4.949999999999999289e+01
-4.939999999999999147e+01
-4.929999999999999005e+01
-4.919999999999998863e+01
-4.909999999999998721e+01
-4.899999999999998579e+01
-4.889999999999998437e+01
-4.879999999999998295e+01
-4.869999999999998153e+01
-4.859999999999998010e+01
-4.849999999999997868e+01
-4.839999999999997726e+01
-4.829999999999997584e+01
-4.819999999999997442e+01
-4.809999999999997300e+01
-4.799999999999997158e+01
-4.789999999999997016e+01
-4.779999999999996874e+01
-4.769999999999996732e+01
-4.759999999999996589e+01
-4.749999999999996447e+01
-4.739999999999996305e+01
-4.729999999999996163e+01
-4.719999999999996021e+01
-4.709999999999995879e+01
-4.699999999999995737e+01
-4.689999999999995595e+01
-4.679999999999995453e+01
-4.669999999999995310e+01
-4.659999999999995168e+01
-4.649999999999995026e+01
-4.639999999999994884e+01
-4.629999999999994742e+01
-4.619999999999994600e+01
-4.609999999999994458e+01
-4.599999999999994316e+01
-4.589999999999994174e+01
-4.579999999999994031e+01
-4.569999999999993889e+01
-4.559999999999993747e+01
-4.549999999999993605e+01
-4.539999999999993463e+01
-4.529999999999993321e+01
-4.519999999999993179e+01
-4.509999999999993037e+01
-4.499999999999992895e+01
-4.489999999999992752e+01
-4.479999999999992610e+01
-4.469999999999992468e+01
-4.459999999999992326e+01
-4.449999999999992184e+01
-4.439999999999992042e+01
-4.429999999999991900e+01
-4.419999999999991758e+01
-4.409999999999991616e+01
-4.399999999999991473e+01
-4.389999999999991331e+01
-4.379999999999991189e+01
-4.369999999999991047e+01
-4.359999999999990905e+01
-4.349999999999990763e+01
-4.339999999999990621e+01
-4.329999999999990479e+01
-4.319999999999990337e+01
-4.309999999999990195e+01
-4.299999999999990052e+01
-4.289999999999989910e+01
-4.279999999999989768e+01
-4.269999999999989626e+01
-4.259999999999989484e+01
-4.249999999999989342e+01
-4.239999999999989200e+01
-4.229999999999989058e+01
-4.219999999999988916e+01
-4.209999999999988773e+01
-4.199999999999988631e+01
-4.189999999999988489e+01
-4.179999999999988347e+01
-4.169999999999988205e+01
-4.159999999999988063e+01
-4.149999999999987921e+01
-4.139999999999987779e+01
-4.129999999999987637e+01
-4.119999999999987494e+01
-4.109999999999987352e+01
-4.099999999999987210e+01
-4.089999999999987068e+01
-4.079999999999986926e+01
-4.069999999999986784e+01
-4.059999999999986642e+01
-4.049999999999986500e+01
-4.039999999999986358e+01
-4.029999999999986215e+01
-4.019999999999986073e+01
-4.009999999999985931e+01
-3.999999999999985789e+01
-3.989999999999985647e+01
-3.979999999999985505e+01
-3.969999999999985363e+01
-3.959999999999985221e+01
-3.949999999999985079e+01
-3.939999999999984936e+01
-3.929999999999984794e+01
-3.919999999999984652e+01
-3.909999999999984510e+01
-3.899999999999984368e+01
-3.889999999999984226e+01
-3.879999999999984084e+01
-3.869999999999983942e+01
-3.859999999999983800e+01
-3.849999999999983658e+01
-3.839999999999983515e+01
-3.829999999999983373e+01
-3.819999999999983231e+01
-3.809999999999983089e+01
-3.799999999999982947e+01
-3.789999999999982805e+01
-3.779999999999982663e+01
-3.769999999999982521e+01
-3.759999999999982379e+01
-3.749999999999982236e+01
-3.739999999999982094e+01
-3.729999999999981952e+01
-3.719999999999981810e+01
-3.709999999999981668e+01
-3.699999999999981526e+01
-3.689999999999981384e+01
-3.679999999999981242e+01
-3.669999999999981100e+01
-3.659999999999980957e+01
-3.649999999999980815e+01
-3.639999999999980673e+01
-3.629999999999980531e+01
-3.619999999999980389e+01
-3.609999999999980247e+01
-3.599999999999980105e+01
-3.589999999999979963e+01
-3.579999999999979821e+01
-3.569999999999979678e+01
-3.559999999999979536e+01
-3.549999999999979394e+01
-3.539999999999979252e+01
-3.529999999999979110e+01
-3.519999999999978968e+01
-3.509999999999978826e+01
-3.499999999999978684e+01
-3.489999999999978542e+01
-3.479999999999978400e+01
-3.469999999999978257e+01
-3.459999999999978115e+01
-3.449999999999977973e+01
-3.439999999999977831e+01
-3.429999999999977689e+01
-3.419999999999977547e+01
-3.409999999999977405e+01
-3.399999999999977263e+01
-3.389999999999977121e+01
-3.379999999999976978e+01
-3.369999999999976836e+01
-3.359999999999976694e+01
-3.349999999999976552e+01
-3.339999999999976410e+01
-3.329999999999976268e+01
-3.319999999999976126e+01
-3.309999999999975984e+01
-3.299999999999975842e+01
-3.289999999999975699e+01
-3.279999999999975557e+01
-3.269999999999975415e+01
-3.259999999999975273e+01
-3.249999999999975131e+01
-3.239999999999974989e+01
-3.229999999999974847e+01
-3.219999999999974705e+01
-3.209999999999974563e+01
-3.199999999999974420e+01
-3.189999999999974278e+01
-3.179999999999974136e+01
-3.169999999999973994e+01
-3.159999999999973852e+01
-3.149999999999973710e+01
-3.139999999999973568e+01
-3.129999999999973426e+01
-3.119999999999973284e+01
-3.109999999999973141e+01
-3.099999999999972999e+01
-3.089999999999972857e+01
-3.079999999999972715e+01
-3.069999999999972573e+01
-3.059999999999972431e+01
-3.049999999999972289e+01
-3.039999999999972147e+01
-3.029999999999972005e+01
-3.019999999999971863e+01
-3.009999999999971720e+01
-2.999999999999971578e+01
-2.989999999999971436e+01
-2.979999999999971294e+01
-2.969999999999971152e+01
-2.959999999999971010e+01
-2.949999999999970868e+01
-2.939999999999970726e+01
-2.929999999999970584e+01
-2.919999999999970441e+01
-2.909999999999970299e+01
-2.899999999999970157e+01
-2.889999999999970015e+01
-2.879999999999969873e+01
-2.869999999999969731e+01
-2.859999999999969589e+01
-2.849999999999969447e+01
-2.839999999999969305e+01
-2.829999999999969162e+01
-2.819999999999969020e+01
-2.809999999999968878e+01
-2.799999999999968736e+01
-2.789999999999968594e+01
-2.779999999999968452e+01
-2.769999999999968310e+01
-2.759999999999968168e+01
-2.749999999999968026e+01
-2.739999999999967883e+01
-2.729999999999967741e+01
-2.719999999999967599e+01
-2.709999999999967457e+01
-2.699999999999967315e+01
-2.689999999999967173e+01
-2.679999999999967031e+01
-2.669999999999966889e+01
-2.659999999999966747e+01
-2.649999999999966604e+01
-2.639999999999966462e+01
-2.629999999999966320e+01
-2.619999999999966178e+01
-2.609999999999966036e+01
-2.599999999999965894e+01
-2.589999999999965752e+01
-2.579999999999965610e+01
-2.569999999999965468e+01
-2.559999999999965326e+01
-2.549999999999965183e+01
-2.539999999999965041e+01
-2.529999999999964899e+01
-2.519999999999964757e+01
-2.509999999999964615e+01
-2.499999999999964473e+01
-2.489999999999964331e+01
-2.479999999999964189e+01
-2.469999999999964047e+01
-2.459999999999963904e+01
-2.449999999999963762e+01
-2.439999999999963620e+01
-2.429999999999963478e+01
-2.419999999999963336e+01
-2.409999999999963194e+01
-2.399999999999963052e+01
-2.389999999999962910e+01
-2.379999999999962768e+01
-2.369999999999962625e+01
-2.359999999999962483e+01
-2.349999999999962341e+01
-2.339999999999962199e+01
-2.329999999999962057e+01
-2.319999999999961915e+01
-2.309999999999961773e+01
-2.299999999999961631e+01
-2.289999999999961489e+01
-2.279999999999961346e+01
-2.269999999999961204e+01
-2.259999999999961062e+01
-2.249999999999960920e+01
-2.239999999999960778e+01
-2.229999999999960636e+01
-2.219999999999960494e+01
-2.209999999999960352e+01
-2.199999999999960210e+01
-2.189999999999960067e+01
-2.179999999999959925e+01
-2.169999999999959783e+01
-2.159999999999959641e+01
-2.149999999999959499e+01
-2.139999999999959357e+01
-2.129999999999959215e+01
-2.119999999999959073e+01
-2.109999999999958931e+01
-2.099999999999958789e+01
-2.089999999999958646e+01
-2.079999999999958504e+01
-2.069999999999958362e+01
-2.059999999999958220e+01
-2.049999999999958078e+01
-2.039999999999957936e+01
-2.029999999999957794e+01
-2.019999999999957652e+01
-2.009999999999957510e+01
-1.999999999999957367e+01
-1.989999999999957225e+01
-1.979999999999957083e+01
-1.969999999999956941e+01
-1.959999999999956799e+01
-1.949999999999956657e+01
-1.939999999999956515e+01
-1.929999999999956373e+01
-1.919999999999956231e+01
-1.909999999999956088e+01
-1.899999999999955946e+01
-1.889999999999955804e+01
-1.879999999999955662e+01
-1.869999999999955520e+01
-1.859999999999955378e+01
-1.849999999999955236e+01
-1.839999999999955094e+01
-1.829999999999954952e+01
-1.819999999999954809e+01
-1.809999999999954667e+01
-1.799999999999954525e+01
-1.789999999999954383e+01
-1.779999999999954241e+01
-1.769999999999954099e+01
-1.759999999999953957e+01
-1.749999999999953815e+01
-1.739999999999953673e+01
-1.729999999999953531e+01
-1.719999999999953388e+01
-1.709999999999953246e+01
-1.699999999999953104e+01
-1.689999999999952962e+01
-1.679999999999952820e+01
-1.669999999999952678e+01
-1.659999999999952536e+01
-1.649999999999952394e+01
-1.639999999999952252e+01
-1.629999999999952109e+01
-1.619999999999951967e+01
-1.609999999999951825e+01
-1.599999999999951683e+01
-1.589999999999951541e+01
-1.579999999999951399e+01
-1.569999999999951257e+01
-1.559999999999951115e+01
-1.549999999999950973e+01
-1.539999999999950830e+01
-1.529999999999950688e+01
-1.519999999999950546e+01
-1.509999999999950404e+01
-1.499999999999950262e+01
-1.489999999999950120e+01
-1.479999999999949978e+01
-1.469999999999949836e+01
-1.459999999999949694e+01
-1.449999999999949551e+01
-1.439999999999949409e+01
-1.429999999999949267e+01
-1.419999999999949125e+01
-1.409999999999948983e+01
-1.399999999999948841e+01
-1.389999999999948699e+01
-1.379999999999948557e+01
-1.369999999999948415e+01
-1.359999999999948272e+01
-1.349999999999948130e+01
-1.339999999999947988e+01
-1.329999999999947846e+01
-1.319999999999947704e+01
-1.309999999999947562e+01
-1.299999999999947420e+01
-1.289999999999947278e+01
-1.279999999999947136e+01
-1.269999999999946994e+01
-1.259999999999946851e+01
-1.249999999999946709e+01
-1.239999999999946567e+01
-1.229999999999946425e+01
-1.219999999999946283e+01
-1.209999999999946141e+01
-1.199999999999945999e+01
-1.189999999999945857e+01
-1.179999999999945715e+01
-1.169999999999945572e+01
-1.159999999999945430e+01
-1.149999999999945288e+01
-1.139999999999945146e+01
-1.129999999999945004e+01
-1.119999999999944862e+01
-1.109999999999944720e+01
-1.099999999999944578e+01
-1.089999999999944436e+01
-1.079999999999944293e+01
-1.069999999999944151e+01
-1.059999999999944009e+01
-1.049999999999943867e+01
-1.039999999999943725e+01
-1.029999999999943583e+01
-1.019999999999943441e+01
-1.009999999999943299e+01
-9.999999999999431566e+00
-9.899999999999430145e+00
-9.799999999999428724e+00
-9.699999999999427303e+00
-9.599999999999425881e+00
-9.499999999999424460e+00
-9.399999999999423039e+00
-9.299999999999421618e+00
-9.199999999999420197e+00
-9.099999999999418776e+00
-8.999999999999417355e+00
-8.899999999999415934e+00
-8.799999999999414513e+00
-8.699999999999413092e+00
-8.599999999999411671e+00
-8.499999999999410250e+00
-8.399999999999408828e+00
-8.299999999999407407e+00
-8.199999999999405986e+00
-8.099999999999404565e+00
-7.999999999999403144e+00
-7.899999999999401723e+00
-7.799999999999400302e+00
-7.699999999999398881e+00
-7.599999999999397460e+00
-7.499999999999396039e+00
-7.399999999999394618e+00
-7.299999999999393197e+00
-7.199999999999391775e+00
-7.099999999999390354e+00
-6.999999999999388933e+00
-6.899999999999387512e+00
-6.799999999999386091e+00
-6.699999999999384670e+00
-6.599999999999383249e+00
-6.499999999999381828e+00
-6.399999999999380407e+00
-6.299999999999378986e+00
-6.199999999999377565e+00
-6.099999999999376143e+00
-5.999999999999374722e+00
-5.899999999999373301e+00
-5.799999999999371880e+00
-5.699999999999370459e+00
-5.599999999999369038e+00
-5.499999999999367617e+00
-5.399999999999366196e+00
-5.299999999999364775e+00
-5.199999999999363354e+00
-5.099999999999361933e+00
-4.999999999999360512e+00
-4.899999999999359090e+00
-4.799999999999357669e+00
-4.699999999999356248e+00
-4.599999999999354827e+00
-4.499999999999353406e+00
-4.399999999999351985e+00
-4.299999999999350564e+00
-4.199999999999349143e+00
-4.099999999999347722e+00
-3.999999999999346301e+00
-3.899999999999344880e+00
-3.799999999999343459e+00
-3.699999999999342037e+00
-3.599999999999340616e+00
-3.499999999999339195e+00
-3.399999999999337774e+00
-3.299999999999336353e+00
-3.199999999999334932e+00
-3.099999999999333511e+00
-2.999999999999332090e+00
-2.899999999999330669e+00
-2.799999999999329248e+00
-2.699999999999327827e+00
-2.599999999999326405e+00
-2.499999999999324984e+00
-2.399999999999323563e+00
-2.299999999999322142e+00
-2.199999999999320721e+00
-2.099999999999319300e+00
-1.999999999999317879e+00
-1.899999999999316458e+00
-1.799999999999315037e+00
-1.699999999999313616e+00
-1.599999999999312195e+00
-1.499999999999310774e+00
-1.399999999999309352e+00
-1.299999999999307931e+00
-1.199999999999306510e+00
-1.099999999999305089e+00
-9.999999999993036681e-01
-8.999999999993022470e-01
-7.999999999993008259e-01
-6.999999999992994049e-01
-5.999999999992979838e-01
-4.999999999992965627e-01
-3.999999999992951416e-01
-2.999999999992937205e-01
-1.999999999992922994e-01
-9.999999999929087835e-02
7.105427357601001859e-13
1.000000000007119638e-01
2.000000000007133849e-01
3.000000000007148060e-01
4.000000000007162271e-01
5.000000000007176482e-01
6.000000000007190692e-01
7.000000000007204903e-01
8.000000000007219114e-01
9.000000000007233325e-01
1.000000000000724754e+00
1.100000000000726175e+00
1.200000000000727596e+00
1.300000000000729017e+00
1.400000000000730438e+00
1.500000000000731859e+00
1.600000000000733280e+00
1.700000000000734701e+00
1.800000000000736122e+00
1.900000000000737543e+00
2.000000000000738964e+00
2.100000000000740386e+00
2.200000000000741807e+00
2.300000000000743228e+00
2.400000000000744649e+00
2.500000000000746070e+00
2.600000000000747491e+00
2.700000000000748912e+00
2.800000000000750333e+00
2.900000000000751754e+00
3.000000000000753175e+00
3.100000000000754596e+00
3.200000000000756017e+00
3.300000000000757439e+00
3.400000000000758860e+00
3.500000000000760281e+00
3.600000000000761702e+00
3.700000000000763123e+00
3.800000000000764544e+00
3.900000000000765965e+00
4.000000000000767386e+00
4.100000000000768807e+00
4.200000000000770228e+00
4.300000000000771649e+00
4.400000000000773070e+00
4.500000000000774492e+00
4.600000000000775913e+00
4.700000000000777334e+00
4.800000000000778755e+00
4.900000000000780176e+00
5.000000000000781597e+00
5.100000000000783018e+00
5.200000000000784439e+00
5.300000000000785860e+00
5.400000000000787281e+00
5.500000000000788702e+00
5.600000000000790124e+00
5.700000000000791545e+00
5.800000000000792966e+00
5.900000000000794387e+00
6.000000000000795808e+00
6.100000000000797229e+00
6.200000000000798650e+00
6.300000000000800071e+00
6.400000000000801492e+00
6.500000000000802913e+00
6.600000000000804334e+00
6.700000000000805755e+00
6.800000000000807177e+00
6.900000000000808598e+00
7.000000000000810019e+00
7.100000000000811440e+00
7.200000000000812861e+00
7.300000000000814282e+00
7.400000000000815703e+00
7.500000000000817124e+00
7.600000000000818545e+00
7.700000000000819966e+00
7.800000000000821387e+00
7.900000000000822808e+00
8.000000000000824230e+00
8.100000000000825651e+00
8.200000000000827072e+00
8.300000000000828493e+00
8.400000000000829914e+00
8.500000000000831335e+00
8.600000000000832756e+00
8.700000000000834177e+00
8.800000000000835598e+00
8.900000000000837019e+00
9.000000000000838440e+00
9.100000000000839862e+00
9.200000000000841283e+00
9.300000000000842704e+00
9.400000000000844125e+00
9.500000000000845546e+00
9.600000000000846967e+00
9.700000000000848388e+00
9.800000000000849809e+00
9.900000000000851230e+00
1.000000000000085265e+01
1.010000000000085407e+01
1.020000000000085549e+01
1.030000000000085691e+01
1.040000000000085834e+01
1.050000000000085976e+01
1.060000000000086118e+01
1.070000000000086260e+01
1.080000000000086402e+01
1.090000000000086544e+01
1.100000000000086686e+01
1.110000000000086828e+01
1.120000000000086970e+01
1.130000000000087113e+01
1.140000000000087255e+01
1.150000000000087397e+01
1.160000000000087539e+01
1.170000000000087681e+01
1.180000000000087823e+01
1.190000000000087965e+01
1.200000000000088107e+01
1.210000000000088249e+01
1.220000000000088392e+01
1.230000000000088534e+01
1.240000000000088676e+01
1.250000000000088818e+01
1.260000000000088960e+01
1.270000000000089102e+01
1.280000000000089244e+01
1.290000000000089386e+01
1.300000000000089528e+01
1.310000000000089670e+01
1.320000000000089813e+01
1.330000000000089955e+01
1.340000000000090097e+01
1.350000000000090239e+01
1.360000000000090381e+01
1.370000000000090523e+01
1.380000000000090665e+01
1.390000000000090807e+01
1.400000000000090949e+01
1.410000000000090381e+01
1.420000000000091234e+01
1.430000000000092086e+01
1.440000000000091518e+01
1.450000000000090949e+01
1.460000000000091802e+01
1.470000000000092655e+01
1.480000000000092086e+01
1.490000000000091518e+01
1.500000000000092371e+01
1.510000000000093223e+01
1.520000000000092655e+01
1.530000000000092086e+01
1.540000000000092939e+01
1.550000000000093792e+01
1.560000000000093223e+01
1.570000000000092655e+01
1.580000000000093507e+01
1.590000000000094360e+01
1.600000000000093792e+01
1.610000000000093223e+01
1.620000000000094076e+01
1.630000000000094929e+01
1.640000000000094360e+01
1.650000000000093792e+01
1.660000000000094644e+01
1.670000000000095497e+01
1.680000000000094929e+01
1.690000000000094360e+01
1.700000000000095213e+01
1.710000000000096065e+01
1.720000000000095497e+01
1.730000000000094929e+01
1.740000000000095781e+01
1.750000000000096634e+01
1.760000000000096065e+01
1.770000000000095497e+01
1.780000000000096350e+01
1.790000000000097202e+01
1.800000000000096634e+01
1.810000000000096065e+01
1.820000000000096918e+01
1.830000000000097771e+01
1.840000000000097202e+01
1.850000000000096634e+01
1.860000000000097486e+01
1.870000000000098339e+01
1.880000000000097771e+01
1.890000000000097202e+01
1.900000000000098055e+01
1.910000000000098908e+01
1.920000000000098339e+01
1.930000000000097771e+01
1.940000000000098623e+01
1.950000000000099476e+01
1.960000000000098908e+01
1.970000000000098339e+01
1.980000000000099192e+01
1.990000000000100044e+01
2.000000000000099476e+01
2.010000000000098908e+01
2.020000000000099760e+01
2.030000000000100613e+01
2.040000000000100044e+01
2.050000000000099476e+01
2.060000000000100329e+01
2.070000000000101181e+01
2.080000000000100613e+01
2.090000000000100044e+01
2.100000000000100897e+01
2.110000000000101750e+01
2.120000000000101181e+01
2.130000000000100613e+01
2.140000000000101466e+01
2.150000000000102318e+01
2.160000000000101750e+01
2.170000000000101181e+01
2.180000000000102034e+01
2.190000000000102887e+01
2.200000000000102318e+01
2.210000000000101750e+01
2.220000000000102602e+01
2.230000000000103455e+01
2.240000000000102887e+01
2.250000000000102318e+01
2.260000000000103171e+01
2.270000000000104023e+01
2.280000000000103455e+01
2.290000000000102887e+01
2.300000000000103739e+01
2.310000000000104592e+01
2.320000000000104023e+01
2.330000000000103455e+01
2.340000000000104308e+01
2.350000000000105160e+01
2.360000000000104592e+01
2.370000000000104023e+01
2.380000000000104876e+01
2.390000000000105729e+01
2.400000000000105160e+01
2.410000000000104592e+01
2.420000000000105445e+01
2.430000000000106297e+01
2.440000000000105729e+01
2.450000000000105160e+01
2.460000000000106013e+01
2.470000000000106866e+01
2.480000000000106297e+01
2.490000000000105729e+01
2.500000000000106581e+01
2.510000000000107434e+01
2.520000000000106866e+01
2.530000000000106297e+01
2.540000000000107150e+01
2.550000000000108002e+01
2.560000000000107434e+01
2.570000000000106866e+01
2.580000000000107718e+01
2.590000000000108571e+01
2.600000000000108002e+01
2.610000000000107434e+01
2.620000000000108287e+01
2.630000000000109139e+01
2.640000000000108571e+01
2.650000000000108002e+01
2.660000000000108855e+01
2.670000000000109708e+01
2.680000000000109139e+01
2.690000000000108571e+01
2.700000000000109424e+01
2.710000000000110276e+01
2.720000000000109708e+01
2.730000000000109139e+01
2.740000000000109992e+01
2.750000000000110845e+01
2.760000000000110276e+01
2.770000000000109708e+01
2.780000000000110560e+01
2.790000000000111413e+01
2.800000000000110845e+01
2.810000000000110276e+01
2.820000000000111129e+01
2.830000000000111982e+01
2.840000000000111413e+01
2.850000000000110845e+01
2.860000000000111697e+01
2.870000000000112550e+01
2.880000000000111982e+01
2.890000000000111413e+01
2.900000000000112266e+01
2.910000000000113118e+01
2.920000000000112550e+01
2.930000000000111982e+01
2.940000000000112834e+01
2.950000000000113687e+01
2.960000000000113118e+01
2.970000000000112550e+01
2.980000000000113403e+01
2.990000000000114255e+01
3.000000000000113687e+01
3.010000000000113118e+01
3.020000000000113971e+01
3.030000000000114824e+01
3.040000000000114255e+01
3.050000000000113687e+01
3.060000000000114539e+01
3.070000000000115392e+01
3.080000000000114824e+01
3.090000000000114255e+01
3.100000000000115108e+01
3.110000000000115961e+01
3.120000000000115392e+01
3.130000000000114824e+01
3.140000000000115676e+01
3.150000000000116529e+01
3.160000000000115961e+01
3.170000000000115392e+01
3.180000000000116245e+01
3.190000000000117097e+01
3.200000000000116529e+01
3.210000000000115961e+01
3.220000000000116813e+01
3.230000000000117666e+01
3.240000000000117097e+01
3.250000000000116529e+01
3.260000000000117382e+01
3.270000000000118234e+01
3.280000000000117666e+01
3.290000000000117097e+01
3.300000000000117950e+01
3.310000000000118803e+01
3.320000000000118234e+01
3.330000000000117666e+01
3.340000000000118519e+01
3.350000000000119371e+01
3.360000000000118803e+01
3.370000000000118234e+01
3.380000000000119087e+01
3.390000000000119940e+01
3.400000000000119371e+01
3.410000000000118803e+01
3.420000000000119655e+01
3.430000000000120508e+01
3.440000000000119940e+01
3.450000000000119371e+01
3.460000000000120224e+01
3.470000000000121076e+01
3.480000000000120508e+01
3.490000000000119940e+01
3.500000000000120792e+01
3.510000000000121645e+01
3.520000000000121076e+01
3.530000000000120508e+01
3.540000000000121361e+01
3.550000000000122213e+01
3.560000000000121645e+01
3.570000000000121076e+01
3.580000000000121929e+01
3.590000000000122782e+01
3.600000000000122213e+01
3.610000000000121645e+01
3.620000000000122498e+01
3.630000000000123350e+01
3.640000000000122782e+01
3.650000000000122213e+01
3.660000000000123066e+01
3.670000000000123919e+01
3.680000000000123350e+01
3.690000000000122782e+01
3.700000000000123634e+01
3.710000000000124487e+01
3.720000000000123919e+01
3.730000000000123350e+01
3.740000000000124203e+01
3.750000000000125056e+01
3.760000000000124487e+01
3.770000000000123919e+01
3.780000000000124771e+01
3.790000000000125624e+01
3.800000000000125056e+01
3.810000000000124487e+01
3.820000000000125340e+01
3.830000000000126192e+01
3.840000000000125624e+01
3.850000000000125056e+01
3.860000000000125908e+01
3.870000000000126761e+01
3.880000000000126192e+01
3.890000000000125624e+01
3.900000000000126477e+01
3.910000000000127329e+01
3.920000000000126761e+01
3.930000000000126192e+01
3.940000000000127045e+01
3.950000000000127898e+01
3.960000000000127329e+01
3.970000000000126761e+01
3.980000000000127613e+01
3.990000000000128466e+01
4.000000000000127898e+01
4.010000000000127329e+01
4.020000000000128182e+01
4.030000000000129035e+01
4.040000000000128466e+01
4.050000000000127898e+01
4.060000000000128750e+01
4.070000000000129603e+01
4.080000000000129035e+01
4.090000000000128466e+01
4.100000000000129319e+01
4.110000000000130171e+01
4.120000000000129603e+01
4.130000000000129035e+01
4.140000000000129887e+01
4.150000000000130740e+01
4.160000000000130171e+01
4.170000000000129603e+01
4.180000000000130456e+01
4.190000000000131308e+01
4.200000000000130740e+01
4.210000000000130171e+01
4.220000000000131024e+01
4.230000000000131877e+01
4.240000000000131308e+01
4.250000000000130740e+01
4.260000000000131593e+01
4.270000000000132445e+01
4.280000000000131877e+01
4.290000000000131308e+01
4.300000000000132161e+01
4.310000000000133014e+01
4.320000000000132445e+01
4.330000000000131877e+01
4.340000000000132729e+01
4.350000000000133582e+01
4.360000000000133014e+01
4.370000000000132445e+01
4.380000000000133298e+01
4.390000000000134150e+01
4.400000000000133582e+01
4.410000000000133014e+01
4.420000000000133866e+01
4.430000000000134719e+01
4.440000000000134150e+01
4.450000000000133582e+01
4.460000000000134435e+01
4.470000000000135287e+01
4.480000000000134719e+01
4.490000000000134150e+01
4.500000000000135003e+01
4.510000000000135856e+01
4.520000000000135287e+01
4.530000000000134719e+01
4.540000000000135572e+01
4.550000000000136424e+01
4.560000000000135856e+01
4.570000000000135287e+01
4.580000000000136140e+01
4.590000000000136993e+01
4.600000000000136424e+01
4.610000000000135856e+01
4.620000000000136708e+01
4.630000000000137561e+01
4.640000000000136993e+01
4.650000000000136424e+01
4.660000000000137277e+01
4.670000000000138130e+01
4.680000000000137561e+01
4.690000000000136993e+01
4.700000000000137845e+01
4.710000000000138698e+01
4.720000000000138130e+01
4.730000000000137561e+01
4.740000000000138414e+01
4.750000000000139266e+01
4.760000000000138698e+01
4.770000000000138130e+01
4.780000000000138982e+01
4.790000000000139835e+01
4.800000000000139266e+01
4.810000000000138698e+01
4.820000000000139551e+01
4.830000000000140403e+01
4.840000000000139835e+01
4.850000000000139266e+01
4.860000000000140119e+01
4.870000000000140972e+01
4.880000000000140403e+01
4.890000000000139835e+01
4.900000000000140687e+01
4.910000000000141540e+01
4.920000000000140972e+01
4.930000000000140403e+01
4.940000000000141256e+01
4.950000000000142109e+01
4.960000000000141540e+01
4.970000000000140972e+01
4.980000000000141824e+01
4.990000000000142677e+01
5.000000000000142109e+01
5.010000000000141540e+01
